detector_count
3 0.0315303270207 0.0296743667721
4 0.0299127132837 0.0327480837686
5 0.0293755654371 0.0316245729855
6 0.0283502324538 0.0264350457338
7 0.0283383961438 0.0238649111868
8 0.0272606179955 0.0255686460906
9 0.0266550282638 0.0252860922939
10 0.026104157917 0.0200269778633
11 0.0257339267533 0.0223841293479
12 0.0252653480571 0.0246802009147
13 0.0249838312316 0.024262022441
14 0.0244515612941 0.0206415797116
15 0.0242959607683 0.0201332617326
16 0.0235641903378 0.0232646467596
17 0.0231520527162 0.0231730098525
18 0.0232152357562 0.0206406665533
19 0.0229224276861 0.0192264238185
20 0.0225584755539 0.0212323977223
21 0.0223666258595 0.021217832214
22 0.0218304608123 0.0197922219097
23 0.0220095339919 0.0212789672608
24 0.0217784848154 0.0234885166027
25 0.0214691919696 0.0236680100256
26 0.0215448917462 0.0207358563292
27 0.0213393845753 0.0200433006055
28 0.0211549248618 0.0223421366951
29 0.0210863647412 0.0220933345316
30 0.0208590959967 0.021560724991
31 0.0207851753229 0.0217246977084
32 0.0206913604527 0.0232030345812
33 0.0206042282859 0.0235303363088
34 0.0206279414562 0.0218838269554
35 0.0205322588884 0.021548816827
36 0.0204977594692 0.0230460157276
37 0.020418785337 0.0233995544072
38 0.0204213760047 0.0222781039089
39 0.0202756715173 0.0226219528578
40 0.0203377013199 0.0234809889478
41 0.0203595102262 0.0239831613921
42 0.0201936087726 0.0222283382594
43 0.0200867134019 0.0221501360997
44 0.0202011175396 0.023311786855
45 0.0200813119401 0.0239835987892
46 0.0202921766379 0.0224178425372
47 0.0201406832273 0.0222827241905
48 0.0200170185453 0.0236610041123
49 0.0200064600478 0.0244361332466
50 0.0200227595863 0.0231441392006
51 0.0201584996196 0.0225179601742
52 0.0200586733157 0.0241959514032
53 0.020130583285 0.0245143932439
54 0.0201056956127 0.0225459619826
55 0.020001925168 0.022640333468
56 0.0200495202711 0.0243213302534
57 0.0199899012284 0.0240032156566
58 0.0201786919931 0.0237210715774
59 0.0201242734905 0.023752218802
60 0.0200193092265 0.0248878030475
61 0.0199789653254 0.0241034958108
62 0.020075205297 0.0233611039934
63 0.0200546019367 0.0227780344202
64 0.0200487615477 0.022748078163
65 0.0200262911679 0.0236770209791
66 0.0200119671557 0.0234031505619
67 0.0200512250944 0.0232918893073
68 0.0200660912663 0.0248300204373
69 0.020045758077 0.0240584957319
70 0.0200655214063 0.0227355276635
71 0.0200842507399 0.0230775222106
72 0.0200321868489 0.0243847533315
73 0.0200290397037 0.0243202873895
74 0.0200583155026 0.0235935710827
75 0.0200580121306 0.0230260596284
76 0.0200830941605 0.0236754471247
77 0.0200415250894 0.023406312938
78 0.0200526601819 0.0239298430418
79 0.0200369971281 0.0241885579812
80 0.0199818470102 0.0241188748407
81 0.0199753779499 0.022842971408
82 0.0200207529396 0.022450410543
83 0.0199857528646 0.0229306199206
84 0.020004135482 0.0235482618522
85 0.0200271201617 0.0236610654787
86 0.019989743943 0.0234524531781
87 0.0199932151872 0.0224763510526
88 0.0199558007396 0.0240008491649
89 0.0199923232156 0.023862034453
