detector_count
90 0.0199711540735 0.0243392809062
100 0.0199409213686 0.0240957575886
110 0.01991956141 0.0235651795254
120 0.01990765505 0.0229552592109
130 0.0199034466011 0.0220635826105
140 0.0198843079056 0.021638716078
150 0.0198772063541 0.0220900333059
160 0.0198869875302 0.0224999594035
170 0.0198946194442 0.0225339707694
180 0.0198824279491 0.0225426215453
190 0.0198797274259 0.0226476296017
200 0.019890907703 0.0222209035801
210 0.0198888891539 0.0217902185472
220 0.019881342086 0.0213649288271
230 0.0198718701978 0.0217019424813
240 0.0198811857456 0.0214321324199
250 0.0198786599986 0.0217754490604
260 0.0198762646759 0.021529094918
270 0.0198877270589 0.0217280266402
280 0.0198887893508 0.0210316956494
290 0.0198959499464 0.0221884960477
300 0.0198852748158 0.0217505824865
310 0.0199009715378 0.0217904670582
320 0.0198920831842 0.02139732842
330 0.0198920542329 0.0218108862923
340 0.0198919478941 0.0214457338129
350 0.0198924530489 0.0219132573283
